Run Number,Run History Configuration ID,Instance ID,Response Value (y),Censored?,Cutoff Time Used,Seed,Runtime,Run Length,Run Result Code,Run Quality,SMAC Iteration,SMAC Cumulative Runtime,Run Result,Additional Algorithm Run Data,Wall Clock Time,
1,1,1,-1.0,0,60.0,647467,1.14205,0.0,1,-1.0,0,1.14205,SAT,,10.075,
2,1,1,-0.9333333333333333,0,60.0,3713518,1.14635,0.0,1,-0.9333333333333333,1,2.2884,SAT,,10.114,
3,2,1,1.0E9,0,60.0,647467,0.0,0.0,-1,1.0E9,1,2.2884,CRASHED,ERROR: Wrapper did not output anything that matched the expected output ("Result of algorithm run:..."). Please try executing the wrapper directly,7.342,
4,1,1,-0.9666666666666667,0,60.0,7124830,0.97446,0.0,1,-0.9666666666666667,1,3.2628600000000003,SAT,,7.253,
5,3,1,-0.23333333333333334,0,60.0,3713518,0.97482,0.0,1,-0.23333333333333334,1,4.23768,SAT,,7.233,
6,1,1,-0.9,0,60.0,2302011,0.990017,0.0,1,-0.9,2,5.227697,SAT,,7.217,
7,4,1,-0.26666666666666666,0,60.0,647467,0.976648,0.0,1,-0.26666666666666666,2,6.204345,SAT,,7.224,
8,1,1,-0.9666666666666667,0,60.0,509277,0.936066,0.0,1,-0.9666666666666667,2,7.140411,SAT,,7.091,
9,5,1,-0.26666666666666666,0,60.0,647467,1.02034,0.0,1,-0.26666666666666666,2,8.160751000000001,SAT,,7.22,
10,1,1,-0.9333333333333333,0,60.0,57595,0.952751,0.0,1,-0.9333333333333333,3,9.113502,SAT,,7.464,
11,6,1,-0.2,0,60.0,7124830,1.05592,0.0,1,-0.2,3,10.169422,SAT,,7.245,
12,1,1,-0.9666666666666667,0,60.0,9924393,0.896876,0.0,1,-0.9666666666666667,3,11.066298000000002,SAT,,7.062,
13,7,1,1.0E9,0,60.0,3713518,0.0,0.0,-1,1.0E9,3,11.066298000000002,CRASHED,ERROR: Wrapper did not output anything that matched the expected output ("Result of algorithm run:..."). Please try executing the wrapper directly,7.036,
14,1,1,-0.9666666666666667,0,60.0,5920224,0.888919,0.0,1,-0.9666666666666667,4,11.955217000000001,SAT,,7.179,
15,8,1,1.0E9,0,60.0,5920224,0.0,0.0,-1,1.0E9,4,11.955217000000001,CRASHED,ERROR: Wrapper did not output anything that matched the expected output ("Result of algorithm run:..."). Please try executing the wrapper directly,7.022,
16,1,1,-0.9333333333333333,0,60.0,15527788,0.884316,0.0,1,-0.9333333333333333,4,12.839533000000001,SAT,,7.025,
17,9,1,1.0E9,0,60.0,647467,0.0,0.0,-1,1.0E9,4,12.839533000000001,CRASHED,ERROR: Wrapper did not output anything that matched the expected output ("Result of algorithm run:..."). Please try executing the wrapper directly,7.029,
18,1,1,-0.9333333333333333,0,60.0,16083175,0.910921,0.0,1,-0.9333333333333333,5,13.750454000000001,SAT,,7.199,
19,10,1,1.0E9,0,60.0,15527788,0.0,0.0,-1,1.0E9,5,13.750454000000001,CRASHED,ERROR: Wrapper did not output anything that matched the expected output ("Result of algorithm run:..."). Please try executing the wrapper directly,7.031,
20,1,1,-1.0,0,60.0,1067877,0.89885,0.0,1,-1.0,5,14.649304,SAT,,7.03,
21,11,1,-0.9,0,60.0,2302011,1.02537,0.0,1,-0.9,5,15.674674000000001,SAT,,7.196,
22,1,1,-0.9333333333333333,0,60.0,1815110,0.901702,0.0,1,-0.9333333333333333,6,16.576376,SAT,,7.045,
23,12,1,1.0E9,0,60.0,2302011,0.0,0.0,-1,1.0E9,6,16.576376,CRASHED,ERROR: Wrapper did not output anything that matched the expected output ("Result of algorithm run:..."). Please try executing the wrapper directly,7.071,
24,1,1,-0.9333333333333333,0,60.0,3379005,0.911329,0.0,1,-0.9333333333333333,6,17.487705,SAT,,7.126,
25,13,1,1.0E9,0,60.0,647467,0.0,0.0,-1,1.0E9,6,17.487705,CRASHED,ERROR: Wrapper did not output anything that matched the expected output ("Result of algorithm run:..."). Please try executing the wrapper directly,7.266,
26,1,1,-0.9666666666666667,0,60.0,2936525,0.933012,0.0,1,-0.9666666666666667,7,18.420717,SAT,,7.179,
27,14,1,-0.9333333333333333,0,60.0,16083175,1.17648,0.0,1,-0.9333333333333333,7,19.597197,SAT,,8.014,
28,1,1,-0.9333333333333333,0,60.0,1481654,0.908884,0.0,1,-0.9333333333333333,7,20.506081000000002,SAT,,7.156,
29,15,1,1.0E9,0,60.0,9924393,0.0,0.0,-1,1.0E9,7,20.506081000000002,CRASHED,ERROR: Wrapper did not output anything that matched the expected output ("Result of algorithm run:..."). Please try executing the wrapper directly,7.348,
30,1,1,-1.0,0,60.0,3716135,0.915963,0.0,1,-1.0,8,21.422044000000003,SAT,,7.227,
31,16,1,-0.6,0,60.0,16083175,1.10624,0.0,1,-0.6,8,22.528284000000003,SAT,,7.542,
32,1,1,-1.0,0,60.0,256906,0.944382,0.0,1,-1.0,8,23.472666000000004,SAT,,7.273,
33,17,1,1.0E9,0,60.0,16083175,0.0,0.0,-1,1.0E9,8,23.472666000000004,CRASHED,ERROR: Wrapper did not output anything that matched the expected output ("Result of algorithm run:..."). Please try executing the wrapper directly,7.441,
34,1,1,-0.9,0,60.0,5233533,0.951103,0.0,1,-0.9,9,24.423769000000004,SAT,,7.469,
35,14,1,-0.9666666666666667,0,60.0,3379005,1.16913,0.0,1,-0.9666666666666667,9,25.592899000000003,SAT,,7.555,
36,1,1,-0.9333333333333333,0,60.0,12825804,0.955263,0.0,1,-0.9333333333333333,9,26.548162,SAT,,7.266,
37,18,1,1.0E9,0,60.0,9924393,0.0,0.0,-1,1.0E9,9,26.548162,CRASHED,ERROR: Wrapper did not output anything that matched the expected output ("Result of algorithm run:..."). Please try executing the wrapper directly,7.29,
38,1,1,-0.9333333333333333,0,60.0,12256315,0.956166,0.0,1,-0.9333333333333333,10,27.504328,SAT,,7.12,
39,19,1,-0.9666666666666667,0,60.0,9924393,0.945688,0.0,1,-0.9666666666666667,10,28.450016,SAT,,7.214,
40,19,1,-0.9333333333333333,0,60.0,15527788,0.931203,0.0,1,-0.9333333333333333,10,29.381219,SAT,,7.115,
41,19,1,-1.0,0,60.0,647467,0.908767,0.0,1,-1.0,10,30.289986000000003,SAT,,7.064,
42,19,1,-0.9333333333333333,0,60.0,12256315,0.902967,0.0,1,-0.9333333333333333,10,31.192953000000003,SAT,,7.06,
43,19,1,-0.9333333333333333,0,60.0,57595,0.905988,0.0,1,-0.9333333333333333,10,32.098941,SAT,,7.056,
44,19,1,-0.9333333333333333,0,60.0,5920224,0.898331,0.0,1,-0.9333333333333333,10,32.997272,SAT,,7.036,
45,19,1,-0.9,0,60.0,5233533,0.903489,0.0,1,-0.9,10,33.900761,SAT,,7.048,
46,1,1,-1.0,0,60.0,4509518,0.906395,0.0,1,-1.0,10,34.807156000000006,SAT,,7.058,
47,20,1,-0.26666666666666666,0,60.0,12256315,1.00861,0.0,1,-0.26666666666666666,10,35.815766,SAT,,7.19,
48,1,1,-1.0,0,60.0,10852674,0.887905,0.0,1,-1.0,11,36.70367100000001,SAT,,7.028,
49,21,1,1.0E9,0,60.0,3716135,0.0,0.0,-1,1.0E9,11,36.70367100000001,CRASHED,ERROR: Wrapper did not output anything that matched the expected output ("Result of algorithm run:..."). Please try executing the wrapper directly,7.021,
50,1,1,-0.9333333333333333,0,60.0,6329738,0.915986,0.0,1,-0.9333333333333333,11,37.619657000000004,SAT,,7.373,
51,22,1,-0.7333333333333333,0,60.0,5233533,1.02073,0.0,1,-0.7333333333333333,11,38.640387000000004,SAT,,7.205,
52,1,1,-0.9,0,60.0,14159413,0.87995,0.0,1,-0.9,12,39.520337000000005,SAT,,7.062,
53,23,1,1.0E9,0,60.0,9924393,0.0,0.0,-1,1.0E9,12,39.520337000000005,CRASHED,ERROR: Wrapper did not output anything that matched the expected output ("Result of algorithm run:..."). Please try executing the wrapper directly,7.057,
54,1,1,-0.9666666666666667,0,60.0,1798869,0.893107,0.0,1,-0.9666666666666667,12,40.413444000000005,SAT,,7.094,
55,24,1,1.0E9,0,60.0,14159413,0.0,0.0,-1,1.0E9,12,40.413444000000005,CRASHED,ERROR: Wrapper did not output anything that matched the expected output ("Result of algorithm run:..."). Please try executing the wrapper directly,7.091,
56,1,1,-0.9,0,60.0,12682523,0.902167,0.0,1,-0.9,13,41.315611000000004,SAT,,7.222,
57,25,1,-0.9333333333333333,0,60.0,256906,1.09622,0.0,1,-0.9333333333333333,13,42.41183100000001,SAT,,7.335,
58,1,1,-0.9666666666666667,0,60.0,15242026,0.915089,0.0,1,-0.9666666666666667,13,43.32692000000001,SAT,,7.123,
59,26,1,1.0E9,0,60.0,2302011,0.0,0.0,-1,1.0E9,13,43.32692000000001,CRASHED,ERROR: Wrapper did not output anything that matched the expected output ("Result of algorithm run:..."). Please try executing the wrapper directly,7.218,
60,1,1,-0.9,0,60.0,6637068,0.913587,0.0,1,-0.9,14,44.24050700000001,SAT,,7.145,
61,27,1,-0.9666666666666667,0,60.0,3379005,1.13799,0.0,1,-0.9666666666666667,14,45.37849700000001,SAT,,7.348,
62,27,1,-0.9666666666666667,0,60.0,7124830,1.12965,0.0,1,-0.9666666666666667,14,46.50814700000001,SAT,,7.34,
63,27,1,-0.9666666666666667,0,60.0,5920224,1.15175,0.0,1,-0.9666666666666667,14,47.65989700000001,SAT,,7.354,
64,27,1,-0.9333333333333333,0,60.0,6329738,1.18718,0.0,1,-0.9333333333333333,14,48.847077000000006,SAT,,7.441,
65,27,1,-1.0,0,60.0,256906,1.1652,0.0,1,-1.0,14,50.012277000000005,SAT,,7.407,
66,27,1,-0.9666666666666667,0,60.0,2936525,1.16722,0.0,1,-0.9666666666666667,14,51.179497000000005,SAT,,7.393,
67,27,1,-0.9666666666666667,0,60.0,1481654,1.16334,0.0,1,-0.9666666666666667,14,52.342837,SAT,,7.445,
68,27,1,-0.9333333333333333,0,60.0,12256315,1.13813,0.0,1,-0.9333333333333333,14,53.480967,SAT,,7.398,
69,27,1,-0.9,0,60.0,12682523,1.12791,0.0,1,-0.9,14,54.608877,SAT,,7.275,
70,27,1,-0.9666666666666667,0,60.0,509277,1.09597,0.0,1,-0.9666666666666667,14,55.704847,SAT,,7.251,
71,27,1,-0.9333333333333333,0,60.0,15527788,1.08802,0.0,1,-0.9333333333333333,14,56.792867,SAT,,7.251,
72,27,1,-0.9333333333333333,0,60.0,12825804,1.08649,0.0,1,-0.9333333333333333,14,57.879357,SAT,,7.259,
73,27,1,-1.0,0,60.0,647467,1.07508,0.0,1,-1.0,14,58.954437,SAT,,7.14,
74,27,1,-0.9666666666666667,0,60.0,15242026,1.09676,0.0,1,-0.9666666666666667,14,60.051197,SAT,,7.24,
75,27,1,-0.9333333333333333,0,60.0,16083175,1.08665,0.0,1,-0.9333333333333333,14,61.137847,SAT,,7.266,
76,27,1,-1.0,0,60.0,3716135,1.10124,0.0,1,-1.0,14,62.239087,SAT,,7.285,
77,27,1,-0.9666666666666667,0,60.0,9924393,1.0943,0.0,1,-0.9666666666666667,14,63.333386999999995,SAT,,7.279,
78,27,1,-0.9,0,60.0,5233533,1.08244,0.0,1,-0.9,14,64.415827,SAT,,7.312,
79,27,1,-1.0,0,60.0,10852674,1.06163,0.0,1,-1.0,14,65.47745699999999,SAT,,7.215,
80,27,1,-1.0,0,60.0,1067877,1.07418,0.0,1,-1.0,14,66.55163699999999,SAT,,7.214,
81,27,1,-0.9,0,60.0,14159413,1.10453,0.0,1,-0.9,14,67.65616699999998,SAT,,7.341,
