Run Number,Run History Configuration ID,Instance ID,Response Value (y),Censored?,Cutoff Time Used,Seed,Runtime,Run Length,Run Result Code,Run Quality,SMAC Iteration,SMAC Cumulative Runtime,Run Result,Additional Algorithm Run Data,Wall Clock Time,
1,1,5,10.419767,0,60.0,7651328,21.0381,0.0,1,10.419767,0,21.0381,SAT,,30.071,
2,1,6,8.966093,0,60.0,12318549,17.9567,0.0,1,8.966093,1,38.9948,SAT,,24.821,
3,2,5,10.476113,0,60.0,7651328,20.7665,0.0,1,10.476113,1,59.7613,SAT,,27.659,
4,1,3,5.000888,0,60.0,5574276,11.3333,0.0,1,5.000888,1,71.0946,SAT,,17.838,
5,3,6,8.977444,0,60.0,12318549,17.9128,0.0,1,8.977444,1,89.0074,SAT,,24.655,
6,1,1,9.555405,0,60.0,15828581,19.4632,0.0,1,9.555405,2,108.4706,SAT,,26.271,
7,4,3,5.123121,0,60.0,5574276,11.3127,0.0,1,5.123121,2,119.7833,SAT,,17.918,
8,1,10,9.29624,0,60.0,14406056,18.8576,0.0,1,9.29624,2,138.6409,SAT,,25.632,
9,5,1,9.881082,0,60.0,15828581,19.6889,0.0,1,9.881082,2,158.32979999999998,SAT,,26.566,
10,1,8,10.955136,0,60.0,9121941,21.3885,0.0,1,10.955136,3,179.71829999999997,SAT,,28.284,
11,6,5,10.482364,0,60.0,7651328,20.7107,0.0,1,10.482364,3,200.42899999999997,SAT,,27.711,
12,1,7,8.773762,0,60.0,1207275,18.0229,0.0,1,8.773762,3,218.45189999999997,SAT,,24.777,
13,7,8,10.90288,0,60.0,9121941,21.195,0.0,1,10.90288,3,239.64689999999996,SAT,,28.149,
14,7,1,9.579735,0,60.0,15828581,19.524,0.0,1,9.579735,3,259.17089999999996,SAT,,26.376,
15,7,6,8.954436,0,60.0,12318549,17.7544,0.0,1,8.954436,3,276.92529999999994,SAT,,24.597,
16,7,10,9.115558,0,60.0,14406056,18.8053,0.0,1,9.115558,3,295.7305999999999,SAT,,25.705,
17,7,5,10.156875,0,60.0,7651328,20.3329,0.0,1,10.156875,3,316.0634999999999,SAT,,27.159,
18,7,7,8.632702,0,60.0,1207275,17.8355,0.0,1,8.632702,3,333.89899999999994,SAT,,24.713,
19,7,3,5.084528,0,60.0,5574276,11.2777,0.0,1,5.084528,3,345.1766999999999,SAT,,17.776,
20,7,11,6.723523,0,60.0,14860458,14.2976,0.0,1,6.723523,4,359.4742999999999,SAT,,20.933,
21,8,8,10.849746,0,60.0,9121941,21.4769,0.0,1,10.849746,4,380.9511999999999,SAT,,28.389,
22,8,10,9.325695,0,60.0,14406056,18.9204,0.0,1,9.325695,4,399.87159999999994,SAT,,25.696,
23,8,11,6.95751,0,60.0,14860458,14.4531,0.0,1,6.95751,4,414.32469999999995,SAT,,21.256,
24,7,2,5.108044,0,60.0,15963022,11.4562,0.0,1,5.108044,4,425.7809,SAT,,18.034,
25,9,8,10.798008,0,60.0,9121941,21.2745,0.0,1,10.798008,4,447.05539999999996,SAT,,28.164,
26,9,1,9.451134,0,60.0,15828581,19.541,0.0,1,9.451134,4,466.59639999999996,SAT,,26.362,
27,9,2,5.125215,0,60.0,15963022,11.3629,0.0,1,5.125215,4,477.9593,SAT,,17.86,
28,9,6,8.970355,0,60.0,12318549,17.7128,0.0,1,8.970355,4,495.6721,SAT,,24.539,
29,9,5,10.179488,0,60.0,7651328,20.3431,0.0,1,10.179488,4,516.0152,SAT,,27.162,
30,9,3,4.925368,0,60.0,5574276,11.234,0.0,1,4.925368,4,527.2492000000001,SAT,,17.767,
31,9,7,8.751028999999999,0,60.0,1207275,18.1877,0.0,1,8.751028999999999,4,545.4369,SAT,,24.97,
32,9,10,9.170876,0,60.0,14406056,18.7451,0.0,1,9.170876,4,564.182,SAT,,25.58,
33,9,11,6.7916,0,60.0,14860458,14.146,0.0,1,6.7916,4,578.328,SAT,,60.782,
34,9,9,11.699875,0,60.0,1951936,22.3864,0.0,1,11.699875,5,600.7144,SAT,,29.712,
35,4,5,10.396544,0,60.0,7651328,20.4733,0.0,1,10.396544,5,621.1877,SAT,,27.352,
36,9,12,11.021129,0,60.0,12605817,21.4986,0.0,1,11.021129,5,642.6863,SAT,,28.354,
37,10,1,9.52825,0,60.0,15828581,19.4568,0.0,1,9.52825,5,662.1431,SAT,,26.257,
38,9,4,10.869744,0,60.0,3699413,21.7835,0.0,1,10.869744,6,683.9266,SAT,,29.034,
39,4,10,9.218124,0,60.0,14406056,18.7938,0.0,1,9.218124,6,702.7204,SAT,,25.577,
40,9,2,4.938446,0,60.0,6550447,11.4475,0.0,1,4.938446,6,714.1679,SAT,,17.959,
41,11,12,10.933929,0,60.0,12605817,21.7081,0.0,1,10.933929,6,735.876,SAT,,28.678,
42,11,1,9.62098,0,60.0,15828581,19.6518,0.0,1,9.62098,6,755.5278,SAT,,26.455,
43,11,3,5.090355,0,60.0,5574276,11.4075,0.0,1,5.090355,6,766.9353,SAT,,17.859,
44,9,12,10.676939,0,60.0,7604347,21.3817,0.0,1,10.676939,7,788.317,SAT,,28.299,
45,12,4,10.822484,0,60.0,3699413,21.7356,0.0,1,10.822484,7,810.0526,SAT,,28.658,
46,12,6,8.846068,0,60.0,12318549,17.9712,0.0,1,8.846068,7,828.0237999999999,SAT,,24.765,
47,12,7,8.601724,0,60.0,1207275,17.9503,0.0,1,8.601724,7,845.9740999999999,SAT,,24.677,
48,12,1,9.609463,0,60.0,15828581,19.4237,0.0,1,9.609463,7,865.3978,SAT,,26.252,
49,12,10,9.155594,0,60.0,14406056,18.8972,0.0,1,9.155594,7,884.295,SAT,,25.776,
50,12,8,10.68339,0,60.0,9121941,21.1211,0.0,1,10.68339,7,905.4160999999999,SAT,,28.008,
51,12,12,10.833135,0,60.0,12605817,21.5583,0.0,1,10.833135,7,926.9744,SAT,,28.472,
52,12,12,10.905957,0,60.0,7604347,21.4125,0.0,1,10.905957,7,948.3869,SAT,,28.409,
53,12,5,10.138105,0,60.0,7651328,20.391,0.0,1,10.138105,7,968.7778999999999,SAT,,29.761,
54,12,3,4.932876,0,60.0,5574276,11.0429,0.0,1,4.932876,7,979.8208,SAT,,18.968,
55,12,11,6.774234,0,60.0,14860458,14.5696,0.0,1,6.774234,7,994.3904,SAT,,24.877,
56,12,2,5.222367,0,60.0,6550447,11.6667,0.0,1,5.222367,7,1006.0571,SAT,,19.285,
57,12,9,11.604541,0,60.0,1951936,22.2628,0.0,1,11.604541,7,1028.3199,SAT,,29.287,
58,12,2,5.151908,0,60.0,15963022,11.4995,0.0,1,5.151908,7,1039.8193999999999,SAT,,17.983,
59,12,10,9.008996,0,60.0,9761979,18.4464,0.0,1,9.008996,7,1058.2658,SAT,,26.98,
